DATASET_BINARY
SEPARATOR COMMA
DATASET_LABEL,cohesin
COLOR,#3362FF
FIELD_LABELS,SMC1,SMC3,Scc1,Rec8,Scc3,PDS5,NIPBL,MAU2,Separase,WAPL,Eco1,Securin,Sororin,CTCF,DYAD,Haspin,Shugoshin
FIELD_COLORS,#3362FF,#3362FF,#3362FF,#3362FF,#3362FF,#3362FF,#3362FF,#3362FF,#3362FF,#3362FF,#3362FF,#3362FF,#3362FF,#3362FF,#3362FF,#3362FF,#3362FF
FIELD_SHAPES,1,1,1,1,1,1,1,1,1,1,1,1,1,1,1,1,1
LEGEND_SHAPES,1,1,1,1,1,1,1,1,1,1,1,1,1,1,1,1,1
LEGEND_TITLE,cohesin
LEGEND_COLORS,#3362FF,#3362FF,#3362FF,#3362FF,#3362FF,#3362FF,#3362FF,#3362FF,#3362FF,#3362FF,#3362FF,#3362FF,#3362FF,#3362FF,#3362FF,#3362FF,#3362FF
LEGEND_LABELS,SMC1,SMC3,Scc1,Rec8,Scc3,PDS5,NIPBL,MAU2,Separase,WAPL,Eco1,Securin,Sororin,CTCF,DYAD,Haspin,Shugoshin
SHOW_LABELS,1
SIZE_FACTOR,1
LABEL_ROTATION,0
HEIGHT_FACTOR,1
SYMBOL_SPACING,3
DASHED_LINES,1
MARGIN,0
DATA
ANAIGN,1,1,0,1,1,1,1,0,1,0,0,0,0,0,0,0,0
TRIVAG,1,1,0,1,1,1,1,0,1,0,0,0,0,0,0,0,1
TRIMAR,0,1,0,0,1,0,0,0,0,0,0,1,0,0,0,0,0
MONEXI,1,1,0,1,1,1,1,0,1,0,0,0,0,0,0,0,0
PARPYR,1,1,1,1,1,1,1,0,1,1,1,0,0,0,0,0,1
BARSPE,1,1,0,1,1,1,0,0,1,0,1,0,0,0,0,0,0
CARMEM,1,1,0,1,1,0,1,0,1,0,1,0,0,0,0,0,0
DYSBRE,1,1,1,1,1,1,0,0,1,0,0,0,0,0,0,0,0
GIAINT,1,1,0,0,0,0,0,0,1,0,0,0,0,0,0,0,0
SPISAL,0,0,0,0,0,0,0,0,1,0,0,0,0,0,0,0,0
TRESPE,1,0,0,0,0,0,0,0,1,0,0,0,0,0,0,0,0
ANDGOD,1,1,1,1,1,1,1,0,1,1,1,0,0,0,0,0,0
STYINC,1,1,1,0,1,1,1,1,1,1,1,0,0,0,0,0,0
PHAKIR,1,1,1,0,1,1,1,1,1,1,1,0,0,0,0,1,1
NEODAM,1,1,1,1,1,1,1,1,1,1,1,0,0,0,0,1,1
NAEFOW,1,1,1,1,1,1,1,1,1,1,1,1,0,0,0,0,0
PERSWS,1,1,1,1,1,1,1,1,0,1,0,0,0,0,0,1,1
ENTSUL,1,1,1,0,1,1,1,0,1,0,1,0,0,0,0,0,0
EUGLON,1,1,1,0,1,1,1,1,1,1,1,1,0,0,0,0,0
HEMPHA,1,1,1,0,1,1,1,0,1,1,1,0,0,0,0,0,0
RHYHUM,1,1,1,0,1,1,1,1,1,0,1,0,0,0,0,0,0
PAPANK,1,1,1,0,1,1,1,1,1,1,1,1,0,0,0,0,0
APISPI,1,1,1,0,1,1,1,1,1,1,1,0,0,0,0,0,0
PERSPE,1,1,1,0,1,1,0,1,1,0,1,0,0,0,0,0,0
BODSAL,1,1,1,0,1,1,1,1,1,1,0,0,0,0,0,0,0
LEIMAJ,1,1,1,0,1,1,1,0,1,1,1,0,0,0,0,0,0
TRYBRU,1,1,1,0,1,1,1,0,1,1,1,0,0,0,0,0,0
ANCTWI,1,1,1,0,0,1,0,0,1,1,1,1,0,0,0,0,1
HEMKUK,0,1,1,1,0,0,0,0,1,0,0,1,0,0,0,0,0
SPISPE,1,1,1,0,0,0,0,0,0,1,0,1,0,0,0,0,0
NUTLON,1,1,1,1,1,1,1,1,1,0,1,1,0,0,0,0,0
FABTRO,1,1,1,1,0,1,1,1,0,0,0,0,0,0,0,0,0
GEFOKE,1,1,1,1,1,1,1,1,1,1,0,0,0,0,0,0,1
RIGRAM,1,1,1,1,1,1,1,1,0,1,1,0,1,0,0,0,0
DIPROT,1,1,1,0,1,1,1,1,1,1,1,1,1,0,0,0,0
MANSPH,1,1,1,1,1,1,1,1,1,1,1,1,0,0,0,0,1
ARCINT,1,1,1,1,1,1,1,1,1,0,1,0,1,0,0,1,0
VERVER,1,1,1,0,1,1,1,1,1,0,0,1,0,0,0,1,0
ACACAS,1,1,1,0,1,1,1,1,1,1,1,1,0,0,0,1,1
ENTHIS,1,1,1,0,1,1,1,0,1,0,1,0,0,0,0,1,0
MASBAL,1,1,1,0,1,1,1,0,1,1,1,1,1,0,0,1,0
PLAFUN,1,1,1,0,1,1,1,0,1,1,1,1,0,0,0,1,1
PHYPOL,1,1,0,0,1,1,1,1,1,1,1,1,1,0,0,1,1
DICDIS,1,1,1,0,1,1,1,1,1,1,1,0,0,0,0,1,0
POLPAL,1,1,1,0,1,1,1,1,1,1,1,0,0,0,0,1,0
LENLIM,1,1,1,1,1,0,0,0,0,1,0,0,0,0,0,0,0
PYGBIF,1,1,1,1,1,0,1,1,1,1,0,0,0,0,0,0,0
THETRA,1,1,1,1,1,1,1,1,1,1,1,0,0,0,0,0,0
PARATL,1,1,1,1,1,1,1,1,1,1,1,1,1,0,0,1,0
ROZALL,1,1,1,0,1,1,1,1,1,0,0,0,0,0,0,0,0
ENCINT,1,1,0,1,1,0,0,0,1,0,0,0,0,0,0,1,0
VAVCUL,1,0,0,1,0,0,0,0,1,0,0,0,0,0,0,1,0
PARTRI,1,1,1,0,1,1,1,0,1,0,1,0,0,0,0,1,0
SPIPUN,1,1,1,0,1,1,1,1,1,1,1,1,0,0,0,1,1
GONPRO,1,1,1,1,1,1,1,1,1,1,1,0,0,0,0,1,0
NEOSPE,1,1,1,1,1,1,1,1,1,1,1,0,1,0,0,1,1
ALLMAC,1,1,1,1,1,1,1,1,1,1,1,0,0,0,0,1,0
COEREV,1,1,1,1,0,1,1,1,1,1,1,1,0,0,0,1,0
RAMBRE,0,1,1,1,1,1,1,1,0,0,1,1,0,0,0,1,0
MORVER,1,1,1,1,1,1,1,1,1,1,0,1,1,0,0,1,1
UMBRAM,1,1,1,1,1,1,1,1,1,0,1,1,0,0,0,0,0
SYNPLU,1,1,1,0,1,1,1,1,1,1,1,1,0,0,0,1,0
BASMER,1,1,1,1,1,1,1,1,1,1,1,1,1,0,0,0,0
RHIIRR,1,1,1,1,1,1,1,1,1,1,1,1,0,0,0,1,1
USTMAY,1,1,1,1,1,1,1,0,1,1,1,1,0,0,0,1,1
AGABIS,1,1,1,1,1,1,1,1,1,1,1,1,0,0,0,1,1
CRYNEO,1,1,1,1,1,1,1,1,1,1,1,1,0,0,0,1,1
SCHPOM,1,1,1,1,1,1,1,1,1,1,1,1,1,0,0,1,1
NEUCRA,1,1,1,1,1,1,1,1,1,1,1,1,0,0,0,1,1
SACCER,1,1,1,1,1,1,1,1,1,1,1,1,0,0,0,1,1
CHRPER,1,1,1,1,1,1,1,1,1,1,1,1,0,0,0,1,1
CREFRA,1,1,1,1,1,1,1,1,1,1,1,1,1,0,0,1,1
CAPOWC,1,1,1,1,1,1,1,1,1,1,1,1,0,0,0,1,0
DIAGRA,1,1,1,0,1,1,1,0,1,1,1,1,0,0,0,1,0
MONBRE,0,1,1,1,1,1,1,0,1,1,1,1,0,0,0,1,0
SALKVE,1,1,1,0,1,1,1,0,1,1,1,1,0,0,0,1,0
LEUCOM,1,1,1,1,1,1,1,1,1,1,1,1,1,0,0,1,1
MNELEI,1,1,1,1,1,1,1,1,1,1,1,0,0,0,0,1,1
NEMVEC,1,1,1,0,0,1,0,1,1,1,1,1,1,0,0,1,0
TRIADH,1,1,1,0,1,1,1,1,0,1,1,1,1,0,0,1,0
ACAPLA,1,1,1,1,1,1,1,1,1,1,1,1,1,1,0,1,1
CIOINT,1,1,1,1,1,1,1,0,1,1,1,0,0,1,0,1,1
BRABEL,1,1,1,1,1,1,1,1,1,1,1,1,1,1,0,1,1
DANRER,1,1,1,1,1,1,1,1,1,1,1,1,1,1,0,1,1
HOMSAP,1,1,1,1,1,1,1,1,1,1,1,1,1,1,0,1,1
IXOSCA,1,1,1,1,1,1,1,1,1,1,1,0,1,1,0,1,1
DAPMAG,1,1,1,1,1,1,1,1,1,1,1,0,1,1,0,0,0
BOMMOR,1,1,1,0,1,1,1,1,1,1,1,0,1,1,0,1,1
DROMEL,1,1,1,0,1,1,1,1,1,1,1,1,1,1,0,1,1
SCHMAN,1,1,1,1,1,1,1,1,1,1,1,0,0,0,0,1,0
CRAGIG,1,1,1,1,1,1,1,1,1,1,1,1,1,1,0,1,1
RAMVAR,1,1,1,1,1,1,1,1,1,1,1,0,0,1,0,1,1
PRIPAC,1,1,1,1,1,1,1,1,1,1,1,1,0,0,0,1,1
STRRAT,1,1,1,0,1,1,1,1,1,1,1,0,0,0,0,1,1
CAEELE,1,1,1,1,1,1,1,1,1,1,1,0,0,0,0,1,1
PICSPE,1,1,1,0,1,1,1,1,1,1,1,1,0,0,0,0,0
MICMAR,1,1,1,1,1,1,1,1,0,1,1,1,0,0,0,0,0
PALBIL,1,0,1,0,0,0,0,0,1,0,0,1,0,0,0,1,0
GONPAC,1,1,1,1,1,1,1,0,1,1,1,1,0,0,0,0,0
GUITHE,1,1,1,1,1,1,1,1,1,1,1,1,0,0,0,0,0
BAFFRI,1,1,1,0,1,1,1,1,1,1,1,0,0,0,0,0,1
GEMCRY,1,1,1,1,1,1,1,1,1,1,1,0,0,0,0,0,1
DIALUT,1,1,1,1,1,1,1,0,1,0,1,1,0,0,0,0,0
GEPOCE,1,1,1,0,1,1,1,0,1,1,0,1,0,0,0,0,0
PRYPAR,1,1,1,0,1,0,1,0,0,1,0,0,0,0,0,0,0
CHOSPE,1,1,1,0,1,1,1,1,1,1,1,0,0,0,0,0,0
PTESPE,0,0,1,0,0,1,1,1,0,1,1,0,0,0,0,0,0
ACASPE,1,1,1,0,1,1,1,1,1,1,0,0,0,0,0,0,0
RAPHET,1,1,1,0,0,1,1,1,1,1,1,1,0,0,0,0,0
RHOMAR,1,1,1,1,1,1,1,1,1,1,1,1,0,0,0,1,0
MADERY,1,1,1,1,1,1,1,1,0,0,0,0,0,0,0,1,0
CYAMER,1,1,1,1,1,1,0,0,1,1,1,0,0,0,0,0,0
GALSUL,1,1,1,1,1,1,1,0,1,1,1,1,0,0,0,0,0
RUSMAR,1,1,1,1,1,1,1,0,1,0,0,1,1,0,0,0,0
GRACHO,1,1,1,1,1,1,1,1,1,1,1,1,1,0,0,0,0
PORPUR,1,1,1,1,1,1,1,0,1,1,1,1,0,0,0,0,0
CYAGLO,1,1,1,0,0,0,0,0,0,0,0,0,0,0,0,0,0
CYAPAR,1,1,1,1,1,1,1,1,0,1,1,1,1,0,0,0,0
GLOWIT,1,1,1,0,1,1,1,1,1,1,1,1,1,0,0,0,0
CHLATM,1,1,1,1,1,1,1,1,1,1,0,0,0,0,0,1,0
KLENIT,1,1,1,1,1,1,1,1,1,1,1,1,0,0,1,1,1
CHABRA,1,1,1,1,1,1,1,1,1,1,1,1,0,0,1,1,1
MARPOL,1,1,1,1,1,1,1,1,1,1,1,0,1,0,0,1,1
PHYPAT,1,1,1,1,1,1,1,1,1,1,1,1,0,0,1,1,1
CYCPAN,1,1,1,0,1,1,1,1,1,1,1,1,1,0,1,1,1
ARATHA,1,1,1,1,1,1,1,1,1,1,1,1,1,0,1,1,1
SORBIC,1,1,1,1,1,1,1,1,1,1,1,1,1,0,1,1,1
PRACOL,1,1,1,1,0,0,0,0,0,0,1,0,0,0,0,1,0
MICSPE,1,1,1,0,1,1,1,1,0,1,1,0,0,0,0,1,1
OSTTAU,1,1,1,1,1,1,1,1,1,1,1,1,0,0,0,1,1
NEPPYR,1,1,1,0,1,1,1,1,0,1,0,1,0,0,0,1,0
CHLVAR,1,1,1,0,1,1,1,1,1,1,1,0,0,0,1,1,1
COCSUB,1,1,1,1,1,1,1,1,1,1,1,1,0,0,1,1,0
CAULEN,1,1,1,0,1,1,1,0,1,0,1,0,0,0,0,1,0
CHLREI,1,1,1,1,1,1,1,1,1,1,1,1,0,0,0,1,0
MONNEG,1,1,1,0,1,1,1,1,1,1,1,0,0,0,0,1,0
TELSPE,1,1,1,1,1,1,1,0,1,1,1,0,0,0,0,0,0
TELSUB,1,1,1,0,1,1,1,0,1,1,1,1,0,0,0,0,0
ELPMAR,1,1,1,1,1,1,1,0,1,1,1,1,0,0,0,0,0
LEPVOR,1,1,1,1,1,1,1,0,1,1,1,1,0,0,0,0,0
PLABRA,1,1,1,1,1,1,1,1,1,1,1,1,0,0,0,0,0
LAPGUS,1,1,1,1,1,1,0,0,1,0,1,1,0,0,0,0,0
BREMOT,0,1,1,0,0,1,0,1,0,0,0,1,0,0,0,0,0
BIGNAT,1,0,1,1,1,1,1,1,1,1,1,1,0,0,0,0,0
MATSPE,1,1,1,0,1,1,1,0,1,1,1,1,0,0,0,0,0
PAUCHR,1,1,1,0,1,1,1,0,1,1,1,1,0,0,0,0,0
BICSPE,1,1,1,0,1,1,1,0,0,1,1,0,0,0,0,0,0
HALSEO,1,1,1,0,1,1,1,0,1,1,1,0,0,0,0,0,0
HALSPE,1,1,1,0,1,1,1,0,0,0,0,0,0,0,0,0,0
PLATAR,1,1,1,0,1,1,1,0,1,1,1,1,0,0,0,0,0
MASSPE,1,1,1,0,1,1,1,0,1,1,0,0,0,0,0,1,0
AURLIM,1,1,1,0,1,1,1,0,1,1,1,1,0,0,0,0,0
HONFER,1,1,1,0,1,1,1,0,1,1,1,1,0,0,0,0,0
HYPCAT,1,1,1,0,1,1,1,1,1,1,1,1,0,0,0,0,0
PHYINF,1,1,1,0,1,1,1,1,1,1,1,1,0,0,0,0,0
SAPDIC,1,1,1,0,1,1,1,1,1,1,1,1,0,0,0,0,0
PHATRI,1,1,1,0,1,1,1,0,1,1,1,1,0,0,0,0,1
NANOCE,1,1,1,0,1,1,1,0,1,1,1,1,0,0,0,0,0
CHASUB,1,1,1,0,1,0,1,0,0,0,1,1,0,0,0,0,0
CLAOKA,1,1,1,0,1,1,1,0,1,1,1,0,0,0,0,0,1
COLSPE,1,1,1,0,1,1,1,1,1,1,1,1,0,0,0,0,0
COLVIE,1,1,1,0,1,1,1,0,1,1,1,0,0,0,0,0,0
STECOE,0,1,0,1,1,1,1,0,1,0,0,0,0,0,0,0,0
STEHIS,1,1,1,1,1,0,1,0,1,1,0,0,0,0,0,0,0
PARTET,1,1,0,0,1,0,1,0,1,0,0,0,0,0,0,0,0
PSEPER,1,1,0,0,0,0,0,0,0,0,0,1,0,0,0,0,0
TETTHE,1,1,0,1,1,1,1,0,1,0,0,0,0,0,0,0,0
PERMAR,1,1,0,1,1,0,0,0,1,0,0,0,0,0,0,0,0
HEMSPE,1,1,1,0,1,1,1,0,0,0,0,0,0,0,0,0,0
CRYCOH,1,1,1,1,1,1,1,0,1,0,1,0,0,0,0,0,0
SYMSPE,1,1,1,1,1,1,1,0,1,0,1,1,0,0,0,0,0
CHRVEL,1,1,1,1,1,1,1,0,0,0,0,0,0,0,0,0,0
VITBRA,1,1,1,1,1,1,1,0,1,1,1,0,0,0,0,0,1
TOXGON,1,1,0,1,1,0,1,0,1,0,0,0,0,0,0,0,0
CRYMUR,1,1,1,1,1,0,1,0,1,0,0,0,0,0,0,0,1
PLAFAL,1,1,0,1,1,0,1,0,1,0,0,0,0,0,0,0,1
THEPAR,1,1,0,1,1,0,1,0,0,0,0,0,0,0,0,0,0
